# MarkerIndex 
# TiltAngle (degrees)
# PositionX (px)
# PositionY (px)
# 
  0  -60.000  1195.21   378.69
  0  -58.000  1227.21   380.09
  0  -56.000  1251.61   381.09
  0  -54.000  1280.31   384.89
  0  -52.000  1308.51   381.09
  0  -50.000  1334.41   384.49
  0  -48.000  1362.81   385.79
  0  -46.000  1392.91   383.29
  0  -44.000  1419.41   384.69
  0  -42.000  1449.11   387.19
  0  -40.000  1479.11   387.59
  0  -38.000  1512.11   384.19
  0  -36.000  1542.81   387.19
  0  -34.000  1577.81   390.19
  0  -32.000  1615.21   387.79
  0  -30.000  1637.51   388.49
  0  -28.000  1670.41   390.59
  0  -26.000  1706.71   391.79
  0  -24.000  1738.21   390.89
  0  -22.000  1765.51   389.59
  0  -20.000  1802.41   386.39
  0  -18.000  1833.81   384.39
  0  -16.000  1869.41   386.29
  0  -14.000  1909.21   381.19
  0  -12.000  1939.11   377.09
  0  -10.000  1972.41   374.39
  0   -8.000  2000.61   376.09
  0   -6.000  2036.11   370.79
  0   -4.000  2068.61   367.69
  0   -2.000  2099.61   363.59
  0    0.000  2131.21   359.69
  0    2.000  2160.71   355.29
  0    4.000  2194.51   355.19
  0    6.000  2220.81   352.39
  0    8.000  2248.51   350.19
  0   10.000  2273.51   348.49
  0   12.000  2291.41   345.29
  0   14.000  2303.71   349.59
  0   16.000  2358.21   313.09
  0   18.000  2373.61   312.39
  0   20.000  2397.91   310.59
  0   22.000  2418.91   306.09
  0   24.000  2430.51   301.69
  0   26.000  2455.61   299.69
  0   28.000  2473.11   298.49
  0   30.000  2489.61   297.89
  0   32.000  2508.51   293.39
  0   34.000  2531.21   289.09
  0   36.000  2546.61   288.09
  0   38.000  2561.81   286.79
  0   40.000  2576.81   284.29
  0   42.000  2577.71   282.69
  0   44.000  2599.11   280.69
  0   46.000  2596.41   281.29
  0   48.000  2617.21   277.39
  0   50.000  2622.71   274.79
  0   52.000  2618.81   273.49
  0   54.000  2612.31   275.19
  1  -60.000  1565.31  1028.61
  1  -58.000  1614.91  1028.81
  1  -56.000  1654.11  1028.81
  1  -54.000  1698.81  1031.61
  1  -52.000  1742.21  1026.61
  1  -50.000  1782.61  1029.11
  1  -48.000  1825.41  1029.21
  1  -46.000  1869.51  1025.91
  1  -44.000  1908.81  1026.31
  1  -42.000  1951.51  1027.11
  1  -40.000  1992.71  1026.61
  1  -38.000  2037.41  1022.61
  1  -36.000  2079.21  1024.81
  1  -34.000  2125.31  1027.31
  1  -32.000  2172.21  1024.81
  1  -30.000  2204.41  1025.21
  1  -28.000  2246.31  1026.21
  1  -26.000  2291.21  1026.91
  1  -24.000  2329.21  1025.91
  1  -22.000  2362.91  1024.21
  1  -20.000  2406.31  1020.81
  1  -18.000  2443.61  1019.61
  1  -16.000  2483.31  1020.71
  1  -14.000  2527.61  1015.21
  1  -12.000  2560.41  1010.91
  1  -10.000  2596.81  1008.51
  1   -8.000  2626.81  1009.91
  1   -6.000  2663.51  1005.41
  1   -4.000  2696.81  1002.11
  1   -2.000  2728.61   997.71
  1    0.000  2758.71   994.61
  1    2.000  2786.31   990.31
  1    4.000  2818.11   990.41
  1    6.000  2841.41   987.61
  1    8.000  2864.31   986.21
  1   10.000  2883.81   984.51
  1   12.000  2894.31   981.71
  1   14.000  2897.61   987.61
  1   16.000  2953.61   951.71
  1   18.000  2962.51   951.91
  1   20.000  2978.61   950.31
  1   22.000  2991.51   946.41
  1   24.000  2994.61   942.71
  1   26.000  3010.51   941.71
  1   28.000  3018.41   941.71
  1   30.000  3024.31   941.41
  1   32.000  3031.91   937.81
  1   34.000  3042.41   934.41
  1   36.000  3046.21   933.71
  1   38.000  3048.51   934.31
  1   40.000  3049.81   932.61
  1   42.000  3037.21   932.21
  1   44.000  3044.51   930.71
  1   46.000  3026.51   931.71
  1   48.000  3032.71   929.71
  1   50.000  3022.81   927.71
  1   52.000  3002.51   928.11
  1   54.000  2979.41   930.81
  2  -60.000   724.10  1525.41
  2  -58.000   723.40  1528.81
  2  -56.000   714.80  1532.41
  2  -54.000   711.60  1538.91
  2  -52.000   708.70  1537.61
  2  -50.000   704.10  1543.21
  2  -48.000   703.40  1546.41
  2  -46.000   704.70  1546.31
  2  -44.000   703.40  1550.31
  2  -42.000   705.90  1553.61
  2  -40.000   709.50  1555.71
  2  -38.000   717.60  1554.61
  2  -36.000   725.20  1559.41
  2  -34.000   738.40  1564.41
  2  -32.000   754.10  1563.31
  2  -30.000   755.80  1565.91
  2  -28.000   769.70  1569.51
  2  -26.000   788.50  1571.91
  2  -24.000   803.80  1572.51
  2  -22.000   815.50  1572.21
  2  -20.000   838.70  1570.51
  2  -18.000   858.30  1570.11
  2  -16.000   881.90  1572.31
  2  -14.000   911.40  1567.91
  2  -12.000   932.60  1564.81
  2  -10.000   958.60  1562.61
  2   -8.000   980.90  1564.41
  2   -6.000  1012.10  1559.41
  2   -4.000  1041.40  1556.71
  2   -2.000  1069.90  1552.61
  2    0.000  1101.50  1548.21
  2    2.000  1131.10  1544.51
  2    4.000  1167.20  1544.21
  2    6.000  1197.80  1541.21
  2    8.000  1230.80  1539.31
  2   10.000  1264.60  1537.61
  2   12.000  1292.80  1534.81
  2   14.000  1319.10  1539.31
  2   16.000  1372.70  1497.31
  2   18.000  1399.40  1495.31
  2   20.000  1435.80  1492.41
  2   22.000  1470.50  1486.41
  2   24.000  1497.10  1480.71
  2   26.000  1538.60  1477.71
  2   28.000  1573.90  1475.11
  2   30.000  1609.40  1472.81
  2   32.000  1648.90  1466.41
  2   34.000  1691.50  1460.41
  2   36.000  1728.90  1457.21
  2   38.000  1766.30  1454.41
  2   40.000  1805.80  1449.81
  2   42.000  1833.20  1446.31
  2   44.000  1880.10  1441.21
  2   46.000  1904.30  1439.91
  2   48.000  1953.50  1434.21
  2   50.000  1988.60  1429.31
  2   52.000  2015.30  1425.31
  2   54.000  2040.20  1424.81
  3  -60.000   757.10  2306.80
  3  -58.000   751.30  2311.20
  3  -56.000   738.20  2315.20
  3  -54.000   730.20  2321.50
  3  -52.000   722.50  2320.20
  3  -50.000   713.10  2325.80
  3  -48.000   707.50  2329.50
  3  -46.000   704.30  2329.50
  3  -44.000   698.30  2333.50
  3  -42.000   696.40  2336.90
  3  -40.000   695.90  2339.60
  3  -38.000   700.20  2338.60
  3  -36.000   702.90  2343.80
  3  -34.000   711.70  2348.80
  3  -32.000   723.30  2348.80
  3  -30.000   720.80  2350.90
  3  -28.000   730.80  2354.80
  3  -26.000   745.90  2357.60
  3  -24.000   757.60  2358.40
  3  -22.000   765.60  2358.30
  3  -20.000   785.70  2356.50
  3  -18.000   801.70  2356.70
  3  -16.000   821.70  2358.70
  3  -14.000   849.40  2354.50
  3  -12.000   867.60  2351.50
  3  -10.000   890.80  2349.70
  3   -8.000   911.10  2352.40
  3   -6.000   939.10  2347.30
  3   -4.000   966.80  2344.50
  3   -2.000   993.50  2340.30
  3    0.000  1022.80  2336.80
  3    2.000  1050.80  2332.30
  3    4.000  1085.50  2332.60
  3    6.000  1114.70  2329.70
  3    8.000  1147.40  2328.20
  3   10.000  1180.70  2326.70
  3   12.000  1210.40  2324.30
  3   14.000  1239.60  2330.30
  3   16.000  1287.10  2287.10
  3   18.000  1313.40  2284.70
  3   20.000  1349.80  2281.80
  3   22.000  1385.30  2276.30
  3   24.000  1412.30  2270.80
  3   26.000  1453.80  2268.20
  3   28.000  1490.30  2264.80
  3   30.000  1526.70  2262.30
  3   32.000  1566.70  2256.20
  3   34.000  1610.60  2249.60
  3   36.000  1649.70  2246.50
  3   38.000  1690.20  2243.70
  3   40.000  1730.60  2238.40
  3   42.000  1760.40  2234.60
  3   44.000  1809.90  2230.20
  3   46.000  1837.30  2228.90
  3   48.000  1888.70  2222.30
  3   50.000  1926.70  2216.80
  3   52.000  1955.90  2213.30
  3   54.000  1983.50  2211.80
  4  -60.000  1391.59  2479.50
  4  -58.000  1416.69  2481.80
  4  -56.000  1433.39  2483.70
  4  -54.000  1454.19  2488.50
  4  -52.000  1474.39  2484.40
  4  -50.000  1491.09  2489.40
  4  -48.000  1511.29  2491.50
  4  -46.000  1533.89  2489.30
  4  -44.000  1551.69  2491.40
  4  -42.000  1572.49  2493.50
  4  -40.000  1592.79  2494.10
  4  -38.000  1617.79  2491.60
  4  -36.000  1641.09  2495.10
  4  -34.000  1668.79  2499.10
  4  -32.000  1697.49  2497.60
  4  -30.000  1712.29  2498.40
  4  -28.000  1737.09  2501.40
  4  -26.000  1765.29  2502.70
  4  -24.000  1789.29  2502.70
  4  -22.000  1808.79  2501.70
  4  -20.000  1838.49  2499.40
  4  -18.000  1863.29  2498.40
  4  -16.000  1890.79  2500.50
  4  -14.000  1924.49  2495.80
  4  -12.000  1947.69  2492.50
  4  -10.000  1974.49  2490.10
  4   -8.000  1996.29  2492.30
  4   -6.000  2025.79  2487.60
  4   -4.000  2052.49  2484.60
  4   -2.000  2078.09  2480.90
  4    0.000  2104.69  2477.50
  4    2.000  2128.19  2473.30
  4    4.000  2157.09  2473.20
  4    6.000  2179.19  2471.50
  4    8.000  2202.19  2470.40
  4   10.000  2223.89  2469.70
  4   12.000  2240.09  2468.10
  4   14.000  2251.89  2474.10
  4   16.000  2301.39  2432.50
  4   18.000  2313.79  2432.40
  4   20.000  2334.79  2430.40
  4   22.000  2354.29  2426.10
  4   24.000  2364.29  2421.90
  4   26.000  2387.69  2420.10
  4   28.000  2404.69  2419.30
  4   30.000  2420.49  2418.50
  4   32.000  2439.09  2413.80
  4   34.000  2460.79  2409.90
  4   36.000  2476.39  2408.30
  4   38.000  2492.19  2406.90
  4   40.000  2507.49  2404.50
  4   42.000  2511.09  2402.50
  4   44.000  2532.89  2400.40
  4   46.000  2531.89  2401.10
  4   48.000  2554.79  2396.80
  4   50.000  2563.19  2394.30
  4   52.000  2562.69  2392.70
  4   54.000  2559.29  2394.20
  5  -60.000  1642.91  2852.60
  5  -58.000  1677.61  2854.20
  5  -56.000  1703.21  2855.70
  5  -54.000  1732.61  2858.80
  5  -52.000  1761.21  2854.80
  5  -50.000  1786.31  2858.30
  5  -48.000  1814.51  2859.70
  5  -46.000  1843.91  2856.90
  5  -44.000  1869.11  2858.30
  5  -42.000  1896.31  2860.20
  5  -40.000  1923.71  2860.70
  5  -38.000  1954.81  2857.70
  5  -36.000  1983.41  2861.10
  5  -34.000  2016.21  2863.90
  5  -32.000  2049.91  2862.50
  5  -30.000  2068.51  2863.20
  5  -28.000  2097.41  2865.50
  5  -26.000  2129.81  2866.70
  5  -24.000  2157.41  2866.40
  5  -22.000  2179.91  2865.10
  5  -20.000  2212.21  2862.90
  5  -18.000  2238.21  2862.30
  5  -16.000  2267.61  2864.30
  5  -14.000  2302.11  2859.30
  5  -12.000  2325.91  2855.90
  5  -10.000  2353.21  2854.10
  5   -8.000  2374.61  2856.20
  5   -6.000  2403.21  2852.10
  5   -4.000  2429.41  2849.40
  5   -2.000  2452.91  2845.40
  5    0.000  2477.61  2842.30
  5    2.000  2498.51  2838.60
  5    4.000  2525.21  2839.20
  5    6.000  2544.31  2837.50
  5    8.000  2564.31  2836.90
  5   10.000  2582.81  2836.80
  5   12.000  2595.81  2835.90
  5   14.000  2604.51  2842.70
  5   16.000  2647.81  2800.90
  5   18.000  2655.61  2800.60
  5   20.000  2671.51  2799.40
  5   22.000  2684.81  2795.50
  5   24.000  2688.21  2791.60
  5   26.000  2705.61  2790.50
  5   28.000  2715.41  2789.40
  5   30.000  2724.21  2789.50
  5   32.000  2734.81  2785.60
  5   34.000  2748.41  2782.10
  5   36.000  2755.61  2781.10
  5   38.000  2762.61  2780.70
  5   40.000  2769.51  2778.50
  5   42.000  2764.41  2777.40
  5   44.000  2777.11  2775.70
  5   46.000  2766.71  2776.60
  5   48.000  2779.51  2773.80
  5   50.000  2777.31  2771.40
  5   52.000  2766.61  2770.60
  5   54.000  2752.21  2773.20
  6  -60.000  1959.49  3026.60
  6  -58.000  2008.59  3027.50
  6  -56.000  2048.39  3027.60
  6  -54.000  2092.49  3030.30
  6  -52.000  2134.19  3025.40
  6  -50.000  2172.19  3028.50
  6  -48.000  2213.09  3029.20
  6  -46.000  2255.19  3025.30
  6  -44.000  2290.79  3025.70
  6  -42.000  2329.39  3026.90
  6  -40.000  2367.59  3026.50
  6  -38.000  2408.79  3023.10
  6  -36.000  2447.09  3026.10
  6  -34.000  2488.29  3028.90
  6  -32.000  2530.49  3026.40
  6  -30.000  2557.69  3027.10
  6  -28.000  2593.69  3028.70
  6  -26.000  2633.19  3030.20
  6  -24.000  2666.29  3029.60
  6  -22.000  2694.09  3028.50
  6  -20.000  2731.49  3026.10
  6  -18.000  2762.59  3025.40
  6  -16.000  2795.49  3027.40
  6  -14.000  2833.19  3021.80
  6  -12.000  2859.59  3018.30
  6  -10.000  2888.09  3016.60
  6   -8.000  2911.39  3018.70
  6   -6.000  2940.69  3013.90
  6   -4.000  2966.19  3011.20
  6   -2.000  2990.29  3008.30
  6    0.000  3013.59  3005.40
  6    2.000  3032.49  3002.10
  6    4.000  3055.39  3003.80
  6    6.000  3072.09  3001.70
  6    8.000  3088.09  3001.20
  6   10.000  3101.89  3001.40
  6   12.000  3109.79  3000.70
  6   14.000  3113.89  3008.20
  6   16.000  3150.09  2965.60
  6   18.000  3151.19  2965.60
  6   20.000  3159.49  2965.30
  6   22.000  3165.09  2961.50
  6   24.000  3160.19  2957.90
  6   26.000  3167.89  2958.10
  6   28.000  3168.19  2958.30
  6   30.000  3166.49  2958.90
  6   32.000  3166.69  2955.70
  6   34.000  3168.79  2952.60
  6   36.000  3164.69  2952.90
  6   38.000  3159.59  2953.90
  6   40.000  3154.19  2952.40
  6   42.000  3136.19  2952.70
  6   44.000  3135.29  2951.90
  6   46.000  3110.79  2954.20
  6   48.000  3110.19  2951.90
  6   50.000  3093.29  2950.40
  6   52.000  3067.49  2950.90
  6   54.000  3039.09  2954.10
